1 0.05292792792792793 0.5321285140562249 0.07207207207207207 0.14056224899598393 
2 0.13231981981981983 0.5431726907630522 0.08220720720720721 0.12248995983935743 
3 0.21283783783783783 0.5371485943775101 0.07882882882882883 0.11044176706827309 
4 0.2911036036036036 0.5421686746987951 0.0777027027027027 0.12048192771084337 
5 0.3733108108108108 0.5502008032128514 0.08220720720720721 0.11646586345381527 
6 0.4622747747747748 0.5562248995983936 0.07995495495495496 0.10843373493975904 
7 0.5506756756756757 0.5522088353413654 0.08108108108108109 0.11646586345381527 
8 0.6362612612612613 0.5562248995983936 0.09009009009009009 0.11646586345381527 
9 0.7252252252252253 0.5592369477911646 0.08333333333333333 0.1144578313253012 
10 0.8125 0.5622489959839357 0.08671171171171171 0.11244979919678715 
11 0.8952702702702703 0.5672690763052208 0.07882882882882883 0.11044176706827309 
12 0.04504504504504504 0.7269076305220884 0.09009009009009009 0.1646586345381526 
13 0.14301801801801803 0.7349397590361446 0.10135135135135136 0.1646586345381526 
14 0.25844594594594594 0.7520080321285141 0.125 0.15863453815261044 
15 0.38963963963963966 0.7600401606425703 0.13063063063063063 0.1746987951807229 
16 0.5191441441441441 0.7600401606425703 0.11486486486486487 0.1746987951807229 
17 0.6447072072072072 0.7620481927710844 0.13175675675675674 0.178714859437751 
18 0.786036036036036 0.7630522088353414 0.1373873873873874 0.18072289156626506 
19 0.9115990990990991 0.7610441767068273 0.11373873873873874 0.17670682730923695 
