1 0.05292792792792793 0.5321285140562249 0.07207207207207207 0.14056224899598393 
2 0.13231981981981983 0.5431726907630522 0.08220720720720721 0.12248995983935743 
3 0.21283783783783783 0.5371485943775101 0.07882882882882883 0.11044176706827309 
4 0.2911036036036036 0.5421686746987951 0.0777027027027027 0.12048192771084337 
5 0.3733108108108108 0.5502008032128514 0.08220720720720721 0.11646586345381527 
6 0.4622747747747748 0.5562248995983936 0.07995495495495496 0.10843373493975904 
7 0.5506756756756757 0.5522088353413654 0.08108108108108109 0.11646586345381527 
8 0.6362612612612613 0.5562248995983936 0.09009009009009009 0.11646586345381527 
9 0.7252252252252253 0.5592369477911646 0.08333333333333333 0.1144578313253012 
10 0.8125 0.5622489959839357 0.08671171171171171 0.11244979919678715 
11 0.8952702702702703 0.5672690763052208 0.07882882882882883 0.11044176706827309 
12 0.04504504504504504 0.7269076305220884 0.09009009009009009 0.1646586345381526 
13 0.14301801801801803 0.7349397590361446 0.10135135135135136 0.1646586345381526 
14 0.25844594594594594 0.7520080321285141 0.125 0.15863453815261044 
15 0.38963963963963966 0.7600401606425703 0.13063063063063063 0.1746987951807229 
16 0.5191441441441441 0.7600401606425703 0.11486486486486487 0.1746987951807229 
17 0.6447072072072072 0.7620481927710844 0.13175675675675674 0.178714859437751 
18 0.786036036036036 0.7630522088353414 0.1373873873873874 0.18072289156626506 
19 0.9115990990990991 0.7610441767068273 0.11373873873873874 0.17670682730923695 
0 0.6864508390426636 0.9348827600479126 0.14459283649921417 0.13023443520069122
0 0.5087755918502808 0.37674829363822937 0.04990830272436142 0.08342574536800385
0 0.563188910484314 0.3786773681640625 0.04569309577345848 0.08491427451372147
0 0.6178902983665466 0.376101016998291 0.045440673828125 0.08300413936376572
0 0.889621376991272 0.9259169697761536 0.016496194526553154 0.05818047747015953
0 0.3818139433860779 0.7767357230186462 0.1341734528541565 0.21772141754627228
0 0.009337401948869228 0.805399477481842 0.018380358815193176 0.12002741545438766
0 0.3731982111930847 0.4940103590488434 0.09652115404605865 0.18932609260082245
0 0.18693923950195312 0.3732943832874298 0.07851765304803848 0.0859481617808342
0 0.28777846693992615 0.6686968803405762 0.1268385797739029 0.1392132192850113
0 0.13216440379619598 0.5319559574127197 0.08294302225112915 0.09351315349340439
0 0.6599729657173157 0.7765825390815735 0.08638688176870346 0.08707835525274277
0 0.51352459192276 0.7174385190010071 0.0984242781996727 0.16862566769123077
